26
62
79
94
84
82
88
85
72
82
92
90
78
78
71
66
68
65
73
77
70
74
69
61
53
51
51
47
49
48
52
55
52
45
38
37
33
35
40
36
33
35
39
40
40
41
35
32
30
33
33
29
29
25
23
30
34
33
27
27
28
27
28
27
28
32
33
28
23
23
19
15
17
21
21
22
24
24
21
18
18
18
18
17
14
14
18
18
18
20
22
22
24
24
26
33
37
37
37
33
28
35
44
55
58
61
70
81
76
81
81
85
101
113
113
111
112
113
109
95
73
65
50
44
42
31
28
33
29
25
22
20
23
22
20
19
15
15
19
19
17
18
18
12
13
14
13
13
12
11
11
9
13
13
11
10
12
10
8
11
8
11
13
13
12
9
12
9
9
10
7
7
10
11
10
8
7
9
10
10
11
13
11
16
18
15
16
16
18
19
15
16
16
19
26
29
33
36
36
36
40
40
37
40
41
38
41
41
39
40
39
38
40
38
32
31
33
33
37
39
40
50
64
73
75
75
79
84
86
84
83
87
88
83
77
74
76
74
70
66
59
54
52
48
42
31
22
21
23
22
21
23
20
15
15
16
14
11
12
12
10
13
13
11
12
12
12
11
12
13
13
12
11
9
10
10
10
10
7
7
7
7
9
9
13
13
14
18
17
18
18
15
16
14
13
13
13
16
16
18
18
17
18
18
17
19
19
18
18
17
18
20
21
23
26
26
23
20
19
20
21
19
15
14
15
17
20
22
21
21
22
24
28
35
42
47
48
49
51
52
50
49
53
60
64
63
58
57
58
56
51
52
51
45
39
37
37
35
34
36
38
36
30
24
21
17
15
16
17
16
14
12
12
12
10
8
9
9
9
10
9
9
11
11
9
8
9
10
11
12
13
13
14
14
15
15
16
16
16
16
16
16
17
18
19
19
19
19
21
23
24
25
25
24
24
24
25
25
24
24
24
24
23
21
20
19
19
18
17
15
16
16
15
15
17
17
17
16
16
16
18
18
16
16
15
14
14
15
16
17
17
17
17
17
15
13
12
13
12
11
10
11
12
12
10
9
9
9
10
11
10
8
7
8
9
8
8
8
9
9
8
7
7
5
6
8
8
8
7
7
8
9
10
10
10
9
10
11
11
10
10
10
10
11
11
11
12
12
11
11
10
11
10
10
10
10
10
11
11
11
11
10
10
9
8
8
7
7
7
7
6
6
6
6
7
7
6
6
6
6
6
6
5
5
5
5
4
4
4
3
3
3
3
3
4
5
5
5
5
5
5
5
4
4
4
5
6
6
7
6
6
5
5
6
5
5
5
5
5
6
6
6
6
5
5
5
6
5
5
5
5
4
5
6
7
6
5
6
7
7
7
7
6
6
5
5
6
6
5
4
5
6
5
4
5
5
5
5
4
5
6
7
7
7
7
6
5
3
3
4
5
5
5
4
4
4
5
5
5
4
4
3
3
3
3
3
3
3
4
3
3
2
2
2
3
3
3
3
3
3
3
3
3
3
3
3
3
4
3
3
3
3
3
3
3
4
4
4
4
4
3
3
3
3
3
4
4
4
4
4
4
4
4
4
4
5
5
5
4
4
4
4
4
5
5
5
4
4
4
4
4
4
4
4
4
3
4
4
5
5
5
5
5
5
4
3
3
3
3
3
4
4
4
4
4
4
3
3
3
3
4
3
4
4
3
3
2
2
3
3
3
3
2
3
3
3
3
3
3
3
2
2
2
3
3
3
3
3
2
3
3
4
4
3
3
3
3
4
4
5
5
4
4
3
3
3
4
3
3
3
4
4
4
3
3
4
4
4
3
3
3
4
4
4
4
4
4
4
3
3
3
4
4
5
4
4
3
4
4
4
4
4
4
4
4
4
3
3
3
3
3
3
3
3
3
3
3
3
3
3
3
4
4
4
4
5
4
3
3
3
3
3
3
2
2
3
2
3
3
3
3
2
3
3
3
3
3
3
3
4
3
3
4
4
4
4
4
5
4
4
4
4
4
5
5
5
4
4
3
3
3
4
4
4
4
4
4
4
4
4
4
4
4
4
4
4
4
4
4
4
4
4
3
4
4
4
4
4
4
3
4
4
4
3
3
3
3
3
3
3
3
3
3
3
3
3
3
4
3
3
3
3
3
3
3
2
3
3
3
3
3
2
2
2
2
3
3
2
3
3
3
3
3
3
3
3
3
3
3
4
4
4
4
4
4
4
4
4
4
4
4
4
3
4
4
4
4
4
4
4
4
4
4
4
4
4
4
4
4
4
